{
  "clean_acc": 94.72999572753906,
  "bd_acc": 100.0,
  "cross_acc": 94.57999420166016
}